4
linear   essential      -0.250000   0.750000
linear   non-essential   0.000000   1.000000
linear   essential       0.000000   1.000000
linear   essential       0.000000   1.000000

揽 1
significant   elliptical     8
	  0.339355  0.684375  0.210449  0.188965
	  0.003446  0.010237  0.001144  0.000902

清 1
significant   elliptical     8
	  0.341797  0.637012  0.189941  0.186523
	  0.003448  0.010286  0.000880  0.000880

幽 1
significant   elliptical     8
	  0.326660  0.754590  0.192871  0.198730
	  0.002738  0.013010  0.000902  0.000957

干 1
significant   elliptical     4
	  0.438477  0.366309  0.201172  0.178711
	  0.000400  0.000400  0.000400  0.000400

里 1
significant   elliptical     4
	  0.368164  0.644629  0.229492  0.184570
	  0.000400  0.000400  0.000400  0.000400

马 1
significant   elliptical     4
	  0.381836  0.521289  0.216797  0.192383
	  0.000400  0.000400  0.000400  0.000400

网 1
significant   elliptical     6
	  0.399089  0.759766  0.215495  0.239583
	  0.000400  0.001127  0.000400  0.000400

卡 1
significant   elliptical     6
	  0.396484  0.384180  0.187500  0.173828
	  0.000400  0.000418  0.000400  0.000400

i 1
significant   elliptical     7
	  0.438058  0.188616  0.274554  0.047991
	  0.002917  0.000418  0.001036  0.000400

a 1
significant   elliptical     7
	  0.344866  0.378795  0.233259  0.200335
	  0.000400  0.000400  0.000400  0.000400

m 1
significant   elliptical     7
	  0.387277  0.527734  0.224888  0.320871
	  0.000400  0.000400  0.000400  0.000400

o 1
significant   elliptical     7
	  0.349888  0.363839  0.227121  0.193638
	  0.000400  0.000400  0.000400  0.000400

k 1
significant   elliptical     7
	  0.439732  0.369252  0.297433  0.162388
	  0.000400  0.000400  0.000400  0.000400

熊 1
significant   elliptical     3
	  0.364583  0.798958  0.203125  0.210938
	  0.000400  0.000400  0.000400  0.000400

立 1
significant   elliptical     3
	  0.333333  0.492448  0.234375  0.203125
	  0.000400  0.000400  0.000400  0.000400

伟 1
significant   elliptical     3
	  0.375000  0.591536  0.200521  0.208333
	  0.000400  0.000400  0.000400  0.000400

z 1
significant   elliptical     4
	  0.248047  0.224219  0.191406  0.100586
	  0.000400  0.000400  0.000400  0.000400

h 1
significant   elliptical     8
	  0.328613  0.292480  0.205078  0.150391
	  0.000400  0.000400  0.000400  0.000400

_ 1
significant   elliptical     4
	 -0.094727  0.099902  0.030273  0.140625
	  0.000400  0.000400  0.000400  0.000824

c 1
significant   elliptical     4
	  0.250977  0.192969  0.177734  0.109375
	  0.000400  0.000400  0.000400  0.000400
