-159

-132

+291

-4-54

-1

-37

+67

+58

-125

-99

+41

+54

-447

+122

-75

-77

+129

-52

+16

-52

+36

+114

-307

+199

-154

4-344

-154

-137

-34

+171

-38

+114

-76

-73

+257

-144

-154

4-344

-154

-1414-15

-8-81

+2

-221

+359

-138

+242

+96

-33

-15

+20

4-154

-221

+359

-138

+12

+67

-79

+11

-12

+1

+36

-145

+149

-82

-24

+106

-156

-20

+176

-79

+53

+26

-73

+126

-53

-137

+37

+100

-294

+33

+175

-94

-119

+213

-405

-134

+539

+194

-37

-157

+249

-29

-220

+133

-160

+27

+161

-133

-2

+5

-+-5

-144

+34

-73

+39

+27

-205

-73

-35

-7

+113

-222

+26

+196

+155

-207

+52

+134

+139

-273

-351

-152

+503

-232

-141

+373

-61

-180

+241

+54

-157

+-103

+91

+57

-144

-33

-61

+94

+163

-105

-58

-66

+53

+13

-73

-44

+161

-73

-44

+161

-242

+145

+97

-11

+5

+8

+19

-112

--3

+52

-22

+47

-124

+245

-121

-201

+436

-235

+120

-80

-40

+120

-80

-40

-3

+96

3

+22

-61

+39

-35

+1

+34

-23

-165

-4-144

-15

+16

+162

+113

+253

-366

